96197fd9034c3a4fa56c861320fe0e98a63dbdc5b501a2be661fcd879c72b1ab 11 0 0 0
22c1681e89dc54a3bbdfa2d9aa3dceeda21788cabf0e6d1b86c48e37783888eb 365 30 950 317
bf11d44625cbc3e0b41c6402a8cb5dd787fce304175bf79eb1313e9ca255494d 0 0 0 0
138b1374a9218bfee6d1e3b60dd369e8e18d018aaba276e5784f91233488db64 2 2 1 0
c4c79971107cd1391325345f618fd9fa8badbfdb3f2af6914c4e85b2e12936c2 1 1 339 0
1a94cdd9b69a332367e10c348d9af7d8ae25500efbb4d44f2a24336e54cf9db3 1 0 0 0
da802717c6bfbda4853a7453e5f085aaf39ecd3f68cdf143b11a474cc9939318 1 1 23 0
e6549ae4de60c491e805d507cb72a23a30ace415a49676ceb6b377409c89a47f 2 0 0 0
782c5a618dc162dd584af29b2f6f75e70748ec1118dc5c23211aa8903d98c2bd 6 0 0 0
88b84c88ec3f7970230bc289153aacc94fe3c3a74cd354323c0bab6476d8e068 1 0 0 0
83a1b138698ef7b1430e865eb6fbc4c66fee3d1522be978e1337e1afe01a629c 6 0 0 0
fad5f8f8a076800b1da0c0c1cabeb52cd5c242516d37c94a490ddca98e9da1c2 9 9 9372 1535
ed695cc66f0536548b8fac6f6637029c4956002dbb8a8aa9abe84e2534901acd 5 5 18824 42
90a2ef64c6999eccda8c410a9cc9150340bf70c5dfae0b5ad7ec249e5cb31962 1 1 6084 0
ba55a19789dc495d73442583aa27a92f6028e12ab272a319ce77d275d3af929f 2 0 0 0
1591d26d8a7b873ee2b08dcc5a67dba16b247ebc5119df62189474e0aff2d9f0 1 1 2 0
a9817488d65818659eaf5b1d27e4e5f6590e2f5bdbce477f7fc7221c6377cf0c 2 2 1755301 0
684924aac0d40984b83b3d4846137378b95b3ac37425d69f9221bb43c56e67a9 3 0 0 0
25baf67c77e3807fcb8cb2e80861851c7ae09c450c8f795ee581b314f96581db 4 0 0 0
5fbbd768f5c8d0c18df39f95a17d54e914893b1d253b798b908e00197f06783c 4 0 0 0
ef5d524baf0d7d35518bd163f61006445b68d2985c113593d5b3b3e3e774f794 9 0 0 0
26e2f58553f5f6809f94c99b8a8963c63b1d0aa7f285a64060573788197902da 2 0 0 0
161e2a406ae1a92f939d0eb96b65ef6c2776b1dec287c59f9cb9dc6e4364bf0f 10 0 0 0
f3de251d9b9017220d8cb31a781b06df4dfca2fd069dd33f75e814e68baa8969 40 0 0 0
df64f1fb45eeee55997b057c95104b42f4331ee59dd4ce07a593394a6171b244 10 5 11 6
c7fb641dfb3ebec81e1c9d3b25081a6c474e8f8741094e69dd506e0c81c2bb88 29 0 0 0
9444cf3ec586cfc9d66539eff5530aae9bd3f17ee1b8dc86aecfebbf26b41c1f 5 5 445 7
d199b25b11ab9aa2aece76ca26037cfaf0cf52667e948050cd5f183f8faf6ea6 10 7 870 39
4fc9bc77c97a93b9f94d345a663e146f9578d303ab1ebe42996781787235143e 169 5 333 48
e49f1a194e09d5d64e442a38685ca3cac73b9a9804dcf81254e288e38e467504 18 2 308 32
2342ff4ef77d74db496bfe96205933556a9e2d28193437a87c6779646fe8092c 4 4 2872 868
2dfd4e000af2ea6a21e06a62c4f2d4c61c3285b43e504d8d1b5ee80a2f6f1932 27 10 30597 29793
13a971fc8bce7393143c5ca806f10af603ce24364bcf8229579ab6eff5fce42c 22 8 30241 14967
efb29bcfb50cbc26c8b6658c68f13cfa7cabc27c62aa21cae367199de8d8b727 56 9 15341 45
f9c08910618cfe81e8f22ded01f215da490bf338e8cb5ab3e1d9257b2adb9331 422 0 0 0
f112700e7b452fa8b742577184ed8a7eb62c7f4a2916d65249d1813afbd38d2a 3 3 4297 22
dc50e2b988c66994bd2783a9ea27b5ad32ff6328052bbed369879e82ac0cd40e 4 3 932 0
93fc1a5ff3d35c3369c8c32c2fe24f49e0faadf57a5a1cbe91d36c71c0e68a3b 3 2 884 0
0c7e020de35bf485b7081982297f5cbf808134543a54eb22e333ebe163efb48d 16955 0 0 0
97f2f140a4e7211eacc2591caff27df66d0b32d86df42423d2d2a071b8712b7c 165 5 333 48
36dc833b3495be4748d697f980bf829d037811c818e5f0282712d4fb96db99c8 12 0 0 0
4744fca03e71aa1a10a7c29ab50f26bbd4b9a26ec18e62f525dd46572fa52351 8 1 883 0
